адрес 0000 0101 1011 1110:
0000 0101 1101 0001
1010 0000 0000 0000
1110 0000 0000 0000
0000 0010 0000 0000
0000 0010 0000 0000 +
1110 1110 1111 1101
1010 1111 0000 0101
1110 1110 1111 1010
0100 1110 1111 0111
1110 1110 1111 0111
1010 1011 1111 0110
1111 0010 0000 0100
1111 0000 0000 0011
1010 1110 1111 0101
0000 0111 0000 0000
1110 1110 1111 0011
1000 0101 1100 0000
1100 1110 1111 1000
0000 0001 0000 0000
1111 1100 0000 0000
1111 0100 0000 0000
1111 0111 0000 0000
1111 0101 0000 0000
1011 0101 1100 1101
